ROILimits_1,ROILimits_2,Value
187,212,P
227,254,QRS
276,321,T
337,363,P
367,398,QRS
423,462,T
477,503,P
512,543,QRS
569,607,T
630,647,P
653,688,QRS
710,755,T
764,792,P
809,831,QRS
855,875,T
917,942,QRS
964,1006,T
1050,1074,P
1083,1115,QRS
1136,1182,T
1193,1222,P
1240,1263,QRS
1286,1325,T
1338,1366,P
1383,1405,QRS
1429,1472,T
1479,1508,P
1521,1547,QRS
1572,1617,T
1632,1653,P
1665,1692,QRS
1712,1761,T
1773,1800,P
1814,1830,QRS
1830,1880,T
1923,1947,QRS
1969,2011,T
2054,2082,P
2097,2121,QRS
2146,2192,T
2209,2225,P
2241,2267,QRS
2289,2341,T
2348,2368,P
2383,2411,QRS
2434,2480,T
2483,2503,P
2511,2535,QRS
2557,2599,T
2634,2662,P
2676,2699,QRS
2723,2770,T
2776,2804,P
2823,2845,QRS
2867,2908,T
2922,2946,P
2966,2988,QRS
3010,3054,T
3056,3072,P
3085,3110,QRS
3131,3175,T
3211,3237,P
3248,3275,QRS
3300,3340,T
3353,3383,P
3399,3422,QRS
3444,3489,T
3498,3524,P
3543,3564,QRS
3586,3634,T
3637,3661,P
3665,3690,QRS
3713,3756,T
3789,3818,P
3823,3854,QRS
3876,3920,T
3933,3961,P
3972,3999,QRS
4023,4066,T
4087,4104,P
4117,4144,QRS
4172,4209,T
4222,4250,P
4261,4288,QRS
4312,4353,T
4355,4373,P
4385,4408,QRS
4429,4472,T
4509,4537,P
4541,4575,QRS
4601,4646,T
4651,4680,P
4698,4721,QRS
4745,4789,T
4807,4824,P
4842,4866,QRS
4887,4931,T
4945,4973,P
4980,5010,QRS
5035,5074,T
5088,5114,P
5131,5154,QRS
5179,5221,T
5249,5272,P
5275,5298,QRS
5321,5357,T
5382,5407,QRS
5430,5476,T
5524,5541,P
5555,5581,QRS
5604,5649,T
5663,5690,P
5700,5727,QRS
5752,5790,T
5806,5831,P
5841,5872,QRS
5895,5944,T
5947,5961,P
5971,6002,QRS
6022,6066,T
6101,6119,P
6133,6159,QRS
6179,6227,T
6238,6262,P
6277,6304,QRS
6327,6367,T
6381,6411,P
6425,6448,QRS
6474,6512,T
6544,6560,P
6568,6592,QRS
6617,6655,T
6656,6678,P
6684,6709,QRS
6730,6774,T
6817,6836,P
6854,6878,QRS
6901,6944,T
6960,6978,P
7000,7022,QRS
7046,7088,T
7103,7130,P
7136,7166,QRS
7193,7231,T
7245,7271,P
7276,7311,QRS
7334,7381,T
7396,7415,P
7428,7455,QRS
7478,7525,T
7537,7559,P
7574,7601,QRS
7625,7662,T
7681,7711,QRS
7734,7774,T
7818,7850,P
7854,7885,QRS
7911,7950,T
7961,7988,P
8007,8030,QRS
8054,8098,T
8104,8134,P
8144,8172,QRS
8196,8241,T
8247,8275,P
8288,8317,QRS
8342,8383,T
8397,8427,P
8441,8462,QRS
8486,8524,T
8539,8569,P
8583,8605,QRS
8608,8647,T
8690,8714,QRS
8739,8787,T
8806,8851,P
8858,8889,QRS
8911,8959,T
8963,8994,P
9008,9034,QRS
9056,9102,T
9113,9138,P
9152,9178,QRS
9204,9242,T
9253,9271,P
9280,9304,QRS
9324,9369,T
9401,9429,P
9435,9467,QRS
9492,9537,T
9541,9572,P
9589,9611,QRS
9634,9678,T
9690,9714,P
9725,9756,QRS
9778,9820,T
9822,9842,P
9847,9876,QRS
9898,9944,T
9978,10005,P
10013,10042,QRS
10067,10108,T
10120,10147,P
10164,10187,QRS
10211,10254,T
10262,10292,P
10309,10331,QRS
10354,10398,T
10412,10441,P
10453,10476,QRS
10500,10541,T
10556,10582,P
10598,10620,QRS
10646,10684,T
10698,10726,P
10742,10765,QRS
10787,10824,T
10851,10877,QRS
10897,10943,T
10988,11008,P
11022,11048,QRS
11070,11119,T
11134,11155,P
11166,11197,QRS
11220,11261,T
11286,11311,QRS
11323,11377,T
11413,11431,P
11441,11468,QRS
11492,11539,T
11563,11588,P
11601,11629,QRS
11650,11695,T
11707,11736,P
11747,11774,QRS
11800,11838,T
11853,11879,P
11895,11918,QRS
11943,11980,T
11997,12012,P
12027,12050,QRS
12071,12116,T
12142,12167,P
12178,12207,QRS
12229,12274,T
12290,12316,P
12324,12353,QRS
12377,12417,T
12449,12468,P
12477,12499,QRS
12521,12564,T
12565,12585,P
12589,12618,QRS
12639,12679,T
12724,12744,P
12757,12784,QRS
12808,12852,T
12882,12905,P
12909,12930,QRS
12957,13001,T
13009,13037,P
13043,13075,QRS
13100,13138,T
13151,13180,P
13191,13220,QRS
13241,13288,T
13292,13323,P
13336,13363,QRS
13383,13429,T
13443,13473,P
13482,13511,QRS
13535,13568,T
13569,13584,P
13596,13620,QRS
13640,13683,T
13725,13755,P
13762,13793,QRS
13812,13863,T
13867,13896,P
13915,13938,QRS
13961,14004,T
14022,14042,P
14054,14082,QRS
14102,14148,T
14161,14192,P
14204,14227,QRS
14252,14291,T
14306,14332,P
14347,14374,QRS
14399,14437,T
14448,14476,P
14493,14517,QRS
14537,14577,T
14600,14628,QRS
14648,14691,T
14738,14760,P
14776,14801,QRS
14822,14870,T
14881,14907,P
14919,14947,QRS
14973,15011,T
15026,15053,P
15069,15093,QRS
15117,15164,T
15167,15184,P
15196,15219,QRS
15240,15283,T
15319,15340,P
15353,15382,QRS
15408,15446,T
15462,15487,P
15495,15526,QRS
15550,15592,T
15603,15632,P
15649,15672,QRS
15695,15741,T
15749,15775,P
15794,15815,QRS
15841,15881,T
15896,15922,P
15939,15961,QRS
15984,16024,T
16025,16041,P
16054,16078,QRS
16100,16148,T
16182,16209,P
16224,16247,QRS
16272,16319,T
16336,16352,P
16371,16394,QRS
16414,16459,T
16476,16499,P
16516,16539,QRS
16565,16604,T
16617,16646,P
16661,16684,QRS
16709,16751,T
16762,16788,P
16805,16829,QRS
16851,16892,T
16907,16932,P
16944,16973,QRS
16995,17033,T
17035,17055,P
17059,17086,QRS
17113,17149,T
17193,17222,P
17230,17258,QRS
17286,17323,T
17337,17365,P
17382,17404,QRS
17428,17472,T
17489,17509,P
17527,17549,QRS
17571,17619,T
17629,17655,P
17667,17693,QRS
17715,17759,T
17775,17804,P
17810,17840,QRS
17865,17911,T
17916,17943,P
17961,17985,QRS
18007,18042,T
18067,18096,QRS
18118,18162,T
18205,18231,P
18246,18268,QRS
18290,18336,T
18350,18373,P
18390,18416,QRS
18440,18478,T
18513,18530,P
18538,18560,QRS
18584,18626,T
18648,18665,P
18682,18705,QRS
18726,18772,T
18788,18809,P
18823,18850,QRS
18876,18916,T
18929,18956,P
18966,18994,QRS
19020,19055,T
19056,19074,P
19086,19109,QRS
19132,19180,T
19214,19241,P
19257,19281,QRS
19304,19348,T
19360,19387,P
19399,19427,QRS
19448,19490,T
19506,19530,P
19544,19574,QRS
19598,19646,T
19650,19678,P
19696,19718,QRS
19742,19784,T
19795,19820,P
19840,19863,QRS
19886,19928,T
19944,19973,P
19981,20009,QRS
20032,20069,T
20095,20120,QRS
20142,20182,T
20229,20255,P
20270,20294,QRS
20319,20363,T
20383,20401,P
20414,20439,QRS
20462,20504,T
20524,20545,P
20558,20585,QRS
20605,20649,T
20663,20689,P
20701,20730,QRS
20755,20793,T
20807,20833,P
20848,20875,QRS
20898,20945,T
20955,20978,P
20997,21019,QRS
21019,21062,T
21105,21131,QRS
21153,21196,T
21242,21269,P
21277,21305,QRS
21331,21372,T
21384,21412,P
21429,21452,QRS
21475,21515,T
21547,21563,P
21571,21595,QRS
21620,21663,T
21680,21701,P
21718,21740,QRS
21770,21806,T
21820,21849,P
21864,21888,QRS
21912,21953,T
21964,21992,P
22008,22026,QRS
22026,22074,T
22115,22140,QRS
22161,22209,T
22248,22274,P
22290,22314,QRS
22337,22383,T
22409,22422,P
22432,22460,QRS
22486,22525,T
22538,22568,P
22576,22605,QRS
22630,22668,T
22683,22696,P
22712,22735,QRS
22757,22800,T
22829,22852,P
22871,22893,QRS
22916,22960,T
22979,22996,P
23011,23040,QRS
23066,23103,T
23120,23144,P
23161,23183,QRS
23205,23252,T
23260,23288,P
23303,23329,QRS
23352,23396,T
23409,23432,P
23449,23472,QRS
23491,23533,T
23558,23586,QRS
23604,23649,T
23693,23717,P
23729,23756,QRS
23783,23822,T
23836,23866,P
23874,23901,QRS
23927,23964,T
23979,24005,P
24023,24046,QRS
24070,24112,T
24129,24148,P
24165,24189,QRS
24213,24258,T
24259,24300,P
24305,24334,QRS
24358,24400,T
24413,24436,P
24450,24478,QRS
24504,24539,T
24559,24588,QRS
24612,24651,T
24697,24724,P
24730,24764,QRS
24787,24835,T
24838,24867,P
24879,24908,QRS
24929,24973,T
24987,25011,P
25024,25053,QRS
25074,25118,T
25120,25136,P
25145,25173,QRS
25195,25241,T
25258,25296,QRS
25313,25356,T
25417,25444,P
25462,25485,QRS
25509,25551,T
25563,25588,P
25607,25631,QRS
25648,25693,T
25695,25712,P
25724,25747,QRS
25769,25809,T
25850,25879,P
25892,25914,QRS
25939,25979,T
25993,26022,P
26037,26059,QRS
26083,26126,T
26135,26163,P
26180,26202,QRS
26225,26272,T
26274,26293,P
26303,26326,QRS
26350,26395,T
26424,26449,P
26462,26492,QRS
26515,26556,T
26575,26595,P
26605,26635,QRS
26660,26701,T
26713,26741,P
26749,26779,QRS
26803,26844,T
26846,26866,P
26869,26899,QRS
26923,26960,T
27000,27025,P
27037,27064,QRS
27086,27130,T
27145,27168,P
27179,27210,QRS
27232,27273,T
27288,27314,P
27323,27356,QRS
27379,27417,T
27431,27446,P
27461,27485,QRS
27507,27554,T
27584,27602,P
27616,27641,QRS
27663,27707,T
27725,27744,P
27759,27785,QRS
27808,27853,T
27866,27894,P
27900,27929,QRS
27955,27994,T
27996,28020,P
28025,28048,QRS
28070,28115,T
28149,28178,P
28192,28216,QRS
28239,28285,T
28314,28332,P
28338,28362,QRS
28384,28424,T
28445,28463,P
28475,28506,QRS
28531,28573,T
28585,28612,P
28623,28651,QRS
28676,28716,T
28729,28755,P
28772,28795,QRS
28818,28866,T
28880,28901,P
28914,28941,QRS
28963,29000,T
29026,29051,QRS
29073,29115,T
29161,29183,P
29197,29225,QRS
29249,29289,T
29305,29333,P
29342,29370,QRS
29396,29442,T
29447,29476,P
29493,29515,QRS
29538,29583,T
29609,29629,P
29636,29659,QRS
29680,29726,T
29740,29761,P
29773,29802,QRS
29830,29870,T
29883,29913,P
29918,29949,QRS
29973,29990,T
30028,30057,QRS
30079,30120,T
30138,30163,QRS
30175,30228,T
30307,30338,P
30343,30377,QRS
30398,30443,T
30460,30480,P
30493,30521,QRS
30548,30586,T
30588,30604,P
30614,30641,QRS
30662,30706,T
30742,30771,P
30778,30807,QRS
30833,30871,T
30884,30913,P
30928,30952,QRS
30974,31020,T
31027,31055,P
31072,31094,QRS
31118,31164,T
31171,31197,P
31211,31238,QRS
31259,31304,T
31321,31338,P
31354,31381,QRS
31403,31446,T
31460,31488,P
31502,31524,QRS
31553,31582,P
31607,31633,QRS
31657,31704,T
31742,31771,P
31777,31807,QRS
31832,31875,T
31887,31914,P
31926,31953,QRS
31976,32023,T
32027,32055,P
32071,32096,QRS
32120,32163,T
32180,32203,P
32214,32241,QRS
32261,32306,T
32308,32319,P
32323,32346,QRS
32367,32413,T
32425,32450,QRS
32467,32513,T
32514,32529,P
32553,32584,QRS
32604,32650,T
32745,32773,P
32786,32811,QRS
32837,32882,T
32911,32927,P
32931,32958,QRS
32971,33023,T
33025,33044,P
33056,33079,QRS
33101,33148,T
33180,33208,P
33215,33245,QRS
33270,33310,T
33322,33350,P
33368,33390,QRS
33414,33455,T
33456,33477,P
33482,33508,QRS
33532,33570,T
33618,33635,P
33647,33674,QRS
33697,33745,T
33759,33777,P
33792,33818,QRS
33843,33880,T
33882,33900,P
33904,33935,QRS
33957,34003,T
34038,34063,P
34075,34102,QRS
34128,34165,T
34180,34208,P
34224,34247,QRS
34271,34310,T
34312,34334,P
34342,34365,QRS
34386,34427,T
34461,34493,P
34506,34531,QRS
34554,34601,T
34621,34636,P
34652,34675,QRS
34699,34740,T
34755,34777,P
34791,34818,QRS
34842,34879,T
34890,34903,P
34915,34953,QRS
34976,35021,T
35043,35067,P
35084,35108,QRS
35132,35174,T
35177,35195,P
35200,35230,QRS
35253,35293,T
35311,35336,QRS
35360,35399,T
35477,35497,P
35511,35539,QRS
35567,35604,T
35617,35646,P
35662,35683,QRS
35709,35747,T
35760,35788,P
35804,35827,QRS
35850,35899,T
35903,35932,P
35938,35963,QRS
35989,36025,T
36062,36079,P
36092,36115,QRS
36139,36174,T
36175,36193,P
36203,36227,QRS
36245,36289,T
36328,36356,QRS
36378,36423,T
36476,36504,P
36511,36542,QRS
36565,36603,T
36637,36654,P
36662,36685,QRS
36710,36751,T
36762,36790,P
36805,36828,QRS
36853,36895,T
36905,36931,P
36942,36972,QRS
36995,37032,T
37034,37053,P
37056,37084,QRS
37105,37148,T
37169,37195,QRS
37221,37260,T
37333,37358,P
37375,37399,QRS
37425,37465,T
37477,37505,P
37515,37544,QRS
37567,37611,T
37614,37632,P
37637,37666,QRS
37690,37728,T
37759,37791,P
37802,37828,QRS
37852,37896,T
37900,37932,P
37942,37972,QRS
37996,38041,T
38057,38075,P
38090,38117,QRS
38138,38182,T
38207,38230,QRS
38250,38294,T
38337,38365,P
38372,38404,QRS
38418,38471,T
38479,38508,P
38519,38546,QRS
38569,38607,T
38632,38657,QRS
38678,38723,T
38761,38787,P
38802,38828,QRS
38852,38894,T
38905,38932,P
38942,38973,QRS
38997,39040,T
39052,39078,P
39090,39116,QRS
39116,39158,T
39195,39217,QRS
39236,39283,T
39325,39347,P
39353,39380,QRS
39401,39446,T
39478,39506,P
39512,39546,QRS
39569,39615,T
39623,39650,P
39661,39690,QRS
39713,39756,T
39770,39793,P
39809,39835,QRS
39858,39900,T
39920,39947,QRS
39959,40009,T
40057,40085,P
40099,40123,QRS
40146,40188,T
40197,40228,P
40245,40267,QRS
40290,40340,T
40348,40376,QRS
40397,40444,T
40482,40507,P
40520,40547,QRS
40572,40616,T
40629,40654,P
40667,40694,QRS
40720,40757,T
40765,40782,P
40790,40818,QRS
40841,40881,T
40915,40941,P
40951,40980,QRS
41005,41049,T
41077,41094,P
41102,41124,QRS
41146,41191,T
41210,41228,P
41241,41267,QRS
41291,41333,T
41361,41381,P
41389,41410,QRS
41434,41476,T
41488,41520,P
41523,41554,QRS
41575,41620,T
41634,41659,P
41667,41698,QRS
41724,41758,T
41785,41808,QRS
41830,41873,T
41913,41943,P
41956,41980,QRS
42004,42046,T
42057,42085,P
42102,42125,QRS
42147,42189,T
42203,42228,P
42243,42267,QRS
42289,42338,T
42340,42361,P
42364,42392,QRS
42416,42461,T
42491,42520,P
42523,42556,QRS
42582,42617,T
42634,42662,P
42669,42699,QRS
42725,42764,T
42776,42803,P
42819,42843,QRS
42867,42909,T
42911,42932,P
42940,42963,QRS
42987,43026,T
43064,43087,P
43103,43130,QRS
43152,43194,T
43206,43236,P
43250,43273,QRS
43295,43339,T
43355,43378,P
43387,43415,QRS
43441,43483,T
43486,43504,P
43510,43539,QRS
43563,43607,T
43636,43662,P
43678,43702,QRS
43719,43771,T
43782,43807,P
43824,43846,QRS
43868,43914,T
43926,43948,P
43964,43990,QRS
44012,44054,T
44056,44073,P
44083,44107,QRS
44129,44174,T
44209,44239,P
44247,44275,QRS
44302,44340,T
44353,44382,P
44390,44420,QRS
44443,44489,T
44494,44519,P
44528,44558,QRS
44583,44624,T
44649,44665,P
44684,44704,QRS
44727,44774,T
44785,44809,P
44822,44850,QRS
44875,44915,T
44930,44957,P
44964,44993,QRS
45020,45056,T
45070,45096,P
45114,45136,QRS
45160,45199,T
45214,45241,P
45255,45280,QRS
45303,45351,T
45355,45383,P
45401,45422,QRS
45446,45482,T
45484,45503,P
45510,45533,QRS
45553,45593,T
45639,45662,P
45677,45704,QRS
45729,45773,T
45788,45811,P
45825,45849,QRS
45876,45914,T
45926,45941,P
45950,45977,QRS
45999,46042,T
46072,46096,P
46106,46135,QRS
46161,46204,T
46214,46238,P
46253,46281,QRS
46303,46348,T
46356,46383,P
46401,46423,QRS
46447,46487,T
46508,46526,P
46543,46566,QRS
46587,46631,T
46641,46671,P
46683,46709,QRS
46731,46772,T
46788,46814,P
46830,46853,QRS
46877,46918,T
46947,46969,P
46974,46996,QRS
47021,47055,T
47081,47106,QRS
47129,47167,T
47213,47242,P
47243,47277,QRS
47302,47340,T
47355,47385,P
47389,47421,QRS
47444,47491,T
47498,47527,P
47539,47564,QRS
47584,47632,T
47635,47650,P
47659,47688,QRS
47711,47756,T
47788,47812,P
47820,47851,QRS
47876,47917,T
47930,47959,P
47974,47996,QRS
48021,48059,T
48071,48100,P
48116,48139,QRS
48162,48204,T
48217,48231,P
48245,48269,QRS
48290,48335,T
48357,48385,P
48401,48425,QRS
48449,48489,T
48502,48533,P
48541,48569,QRS
48594,48634,T
48648,48675,P
48684,48713,QRS
48738,48776,T
48777,48799,P
48807,48829,QRS
48851,48895,T
48929,48958,P
48973,48995,QRS
49020,49060,T
49092,49106,P
49119,49140,QRS
49164,49208,T
49218,49242,P
49253,49284,QRS
49306,49352,T
49363,49385,P
49400,49428,QRS
49452,49496,T
49506,49532,P
49543,49572,QRS
49598,49636,T
49650,49673,P
49686,49715,QRS
49740,49773,T
49774,49786,P
49800,49826,QRS
49848,49885,T
49931,49959,P
49964,49997,QRS
50021,50061,T
50072,50102,P
50117,50141,QRS
50165,50210,T
50222,50238,P
50246,50274,QRS
50301,50337,T
50361,50384,P
50400,50426,QRS
50449,50494,T
50508,50529,P
50542,50570,QRS
50594,50637,T
50646,50676,P
50683,50712,QRS
50737,50775,T
50776,50800,P
50804,50829,QRS
50851,50895,T
50931,50958,P
50965,50995,QRS
51020,51060,T
51081,51101,P
51116,51141,QRS
51164,51209,T
51215,51241,P
51253,51283,QRS
51308,51353,T
51366,51387,P
51403,51428,QRS
51452,51492,T
51506,51527,P
51543,51570,QRS
51591,51634,T
51649,51676,P
51691,51714,QRS
51736,51771,T
51802,51828,QRS
51848,51890,T
51930,51959,P
51964,51996,QRS
52022,52063,T
52080,52099,P
52118,52141,QRS
52164,52207,T
52216,52243,P
52250,52282,QRS
52306,52350,T
52365,52387,P
52405,52427,QRS
52451,52494,T
52505,52535,P
52542,52571,QRS
52597,52636,T
52648,52676,P
52692,52715,QRS
52735,52774,T
52801,52826,QRS
52850,52892,T
52932,52959,P
52965,52998,QRS
53021,53069,T
53092,53109,P
53115,53142,QRS
53165,53210,T
53215,53231,P
53246,53268,QRS
53290,53335,T
53366,53388,P
53404,53428,QRS
53455,53494,T
53508,53535,P
53551,53574,QRS
53599,53644,T
53649,53677,P
53696,53717,QRS
53740,53786,T
53791,53819,P
53837,53860,QRS
53882,53927,T
53935,53963,P
53976,54004,QRS
54028,54069,T
54083,54108,P
54125,54147,QRS
54174,54204,P
54227,54256,QRS
54277,54321,T
54366,54390,P
54400,54428,QRS
54454,54495,T
54509,54537,P
54543,54573,QRS
54595,54639,T
54649,54666,P
54670,54701,QRS
54725,54772,T
54793,54820,P
54831,54860,QRS
54883,54928,T
54942,54965,P
54978,55005,QRS
55027,55071,T
55085,55101,P
55115,55138,QRS
55163,55207,T
55225,55254,P
55262,55291,QRS
55316,55355,T
55370,55394,P
55411,55434,QRS
55459,55500,T
55511,55538,P
55554,55576,QRS
55599,55643,T
55645,55663,P
55666,55697,QRS
55722,55759,T
55798,55821,P
55833,55860,QRS
55882,55927,T
55940,55964,P
55981,56005,QRS
56026,56069,T
56083,56106,P
56125,56148,QRS
56172,56213,T
56216,56240,P
56243,56269,QRS
56291,56333,T
56368,56392,P
56404,56433,QRS
56456,56500,T
56508,56536,P
56554,56576,QRS
56600,56642,T
56651,56679,P
56697,56720,QRS
56742,56782,T
56805,56820,P
56834,56862,QRS
56884,56933,T
56938,56962,P
56969,57005,QRS
57027,57069,T
57084,57106,P
57124,57147,QRS
57170,57208,T
57209,57226,P
57231,57261,QRS
57284,57322,T
57364,57385,P
57399,57429,QRS
57453,57495,T
57509,57536,P
57550,57574,QRS
57597,57647,T
57650,57666,P
57676,57704,QRS
57725,57773,T
57789,57820,P
57835,57858,QRS
57881,57927,T
57946,57962,P
57975,58002,QRS
58023,58069,T
58079,58103,P
58121,58145,QRS
58166,58212,T
58219,58240,P
58242,58269,QRS
58292,58337,T
58361,58401,QRS
58429,58467,T
58507,58537,P
58551,58574,QRS
58600,58643,T
58648,58679,P
58695,58718,QRS
58743,58779,T
58800,58832,QRS
58854,58895,T
58934,58960,P
58973,59000,QRS
59020,59066,T
59086,59102,P
59121,59143,QRS
59167,59209,T
59224,59247,P
59264,59286,QRS
59314,59350,T
59363,59386,P
59409,59430,QRS
59456,59496,T
59509,59538,P
59551,59573,QRS
59599,59636,T
59649,59677,P
59695,59718,QRS
59740,59776,T
59777,59792,P
59801,59828,QRS
59849,59889,T
59933,59960,P
59966,59999,QRS
60024,60068,T
60087,60103,P
60121,60143,QRS
60163,60210,T
60217,60247,P
60265,60287,QRS
60310,60353,T
60365,60393,P
60403,60431,QRS
60456,60493,T
60509,60536,P
60544,60575,QRS
60600,60637,T
60650,60678,P
60687,60718,QRS
60741,60776,T
60777,60791,P
60807,60831,QRS
60851,60894,T
60935,60960,P
60978,61001,QRS
61023,61071,T
61074,61104,P
61124,61146,QRS
61173,61210,T
61226,61252,P
61267,61290,QRS
61315,61357,T
61368,61397,P
61413,61435,QRS
61457,61502,T
61521,61539,P
61555,61579,QRS
61602,61647,T
61662,61681,P
61700,61724,QRS
61748,61783,T
61784,61804,P
61807,61835,QRS
61851,61898,T
61945,61968,P
61984,62008,QRS
62034,62073,T
62087,62116,P
62131,62156,QRS
62178,62219,T
62232,62257,P
62270,62298,QRS
62320,62364,T
62384,62401,P
62414,62444,QRS
62469,62509,T
62521,62544,P
62557,62588,QRS
62611,62651,T
62666,62694,P
62710,62733,QRS
62757,62792,T
62820,62845,QRS
62868,62904,T
62949,62977,P
62991,63016,QRS
63041,63087,T
63095,63127,P
63129,63162,QRS
63188,63228,T
63240,63259,P
63285,63308,QRS
63333,63376,T
63378,63397,P
63401,63430,QRS
63449,63495,T
63528,63556,P
63569,63595,QRS
63620,63662,T
63674,63698,P
63710,63741,QRS
63766,63805,T
63820,63845,P
63856,63885,QRS
63910,63951,T
63955,63977,P
63981,64008,QRS
64034,64075,T
64104,64132,P
64148,64172,QRS
64194,64240,T
64253,64277,P
64291,64320,QRS
64341,64384,T
64412,64436,P
64440,64463,QRS
64488,64527,T
64536,64554,P
64559,64589,QRS
64614,64651,T
64683,64713,P
64727,64750,QRS
64770,64819,T
64833,64855,P
64873,64895,QRS
64922,64961,T
64976,65002,P
65012,65040,QRS
65061,65104,T
65105,65128,P
65133,65158,QRS
65180,65226,T
65260,65287,P
65300,65326,QRS
65350,65397,T
65414,65431,P
65448,65470,QRS
65492,65538,T
65551,65572,P
65589,65614,QRS
65638,65680,T
65695,65718,P
65735,65759,QRS
65782,65821,T
65830,65845,P
65873,65903,QRS
65928,65966,T
65979,66006,P
66022,66046,QRS
66068,66105,T
66106,66122,P
66131,66157,QRS
66178,66226,T
66258,66287,P
66303,66327,QRS
66352,66395,T
66413,66430,P
66449,66471,QRS
66496,66538,T
66551,66576,P
66593,66615,QRS
66636,66683,T
66686,66707,P
66713,66737,QRS
66758,66802,T
66837,66865,P
66872,66902,QRS
66928,66965,T
66979,67009,P
67020,67046,QRS
67071,67108,T
67123,67149,P
67160,67190,QRS
67211,67256,T
67273,67293,P
67310,67334,QRS
67355,67402,T
67414,67439,P
67448,67477,QRS
67501,67544,T
67557,67583,P
67591,67621,QRS
67645,67680,T
67681,67699,P
67707,67731,QRS
67754,67795,T
67824,67867,QRS
67895,67929,T
67979,68006,P
68023,68047,QRS
68071,68117,T
68131,68150,P
68169,68191,QRS
68214,68259,T
68261,68287,P
68290,68312,QRS
68335,68377,T
68413,68443,P
68449,68477,QRS
68501,68542,T
68555,68584,P
68599,68623,QRS
68647,68687,T
68700,68726,P
68743,68766,QRS
68790,68835,T
68838,68854,P
68863,68890,QRS
68912,68953,T
68991,69011,P
69015,69053,QRS
69078,69117,T
69132,69163,P
69172,69199,QRS
69223,69263,T
69274,69304,P
69319,69344,QRS
69367,69408,T
69410,69429,P
69433,69462,QRS
69484,69525,T
69564,69588,P
69601,69627,QRS
69650,69694,T
69710,69740,P
69749,69771,QRS
69797,69838,T
69851,69879,P
69895,69918,QRS
69941,69981,T
69987,70008,P
70012,70040,QRS
70060,70104,T
70134,70164,P
70180,70204,QRS
70225,70272,T
70287,70315,P
70321,70349,QRS
70370,70417,T
70431,70454,P
70472,70493,QRS
70518,70558,T
70587,70613,QRS
70634,70678,T
70715,70742,P
70752,70780,QRS
70803,70848,T
70867,70886,P
70896,70925,QRS
70947,70992,T
71004,71029,P
71040,71069,QRS
71094,71133,T
71147,71175,P
71183,71214,QRS
71238,71276,T
71291,71318,P
71335,71358,QRS
71382,71428,T
71431,71460,P
71474,71502,QRS
71524,71563,T
71589,71612,QRS
71631,71676,T
71722,71746,P
71757,71785,QRS
71810,71853,T
71869,71889,P
71908,71931,QRS
71951,71995,T
72010,72037,P
72053,72076,QRS
72100,72147,T
72154,72173,P
72178,72206,QRS
72227,72274,T
72303,72322,P
72338,72364,QRS
72388,72432,T
72444,72468,P
72480,72510,QRS
72534,72578,T
72587,72614,P
72631,72655,QRS
72678,72718,T
72720,72742,P
72746,72773,QRS
72797,72835,T
72873,72899,P
72916,72939,QRS
72961,73006,T
73017,73044,P
73056,73085,QRS
73110,73150,T
73164,73189,P
73197,73227,QRS
73252,73293,T
73322,73340,P
73349,73371,QRS
73395,73439,T
73459,73475,P
73493,73516,QRS
73539,73584,T
73587,73621,P
73629,73659,QRS
73659,73703,T
73743,73767,QRS
73790,73834,T
73878,73899,P
73911,73942,QRS
73965,74008,T
74021,74052,P
74058,74088,QRS
74113,74153,T
74166,74194,P
74209,74231,QRS
74256,74303,T
74305,74322,P
74334,74358,QRS
74379,74427,T
74454,74479,P
74493,74518,QRS
74538,74585,T
74600,74628,P
74636,74664,QRS
74690,74726,T
74740,74772,P
74786,74808,QRS
74832,74870,T
74883,74911,P
74927,74951,QRS
74976,75020,T
75025,75055,P
75071,75093,QRS
75117,75159,T
75163,75199,P
75214,75236,QRS
75260,75296,T
75323,75347,QRS
75368,75414,T
75458,75477,P
75493,75519,QRS
75540,75587,T
75604,75630,P
75637,75664,QRS
75686,75737,T
75739,75757,P
75762,75791,QRS
75816,75856,T
75887,75912,P
75924,75952,QRS
75976,76023,T
76026,76056,P
76073,76097,QRS
76117,76165,T
76177,76201,P
76217,76241,QRS
76268,76308,T
76311,76332,P
76338,76364,QRS
76385,76430,T
76463,76489,P
76491,76527,QRS
76551,76598,T
76604,76632,P
76647,76672,QRS
76694,76739,T
76751,76775,P
76792,76816,QRS
76839,76881,T
76883,76903,P
76913,76938,QRS
76960,77000,T
77037,77065,P
77074,77103,QRS
77128,77169,T
77184,77211,P
77227,77251,QRS
77272,77321,T
77331,77357,P
77365,77396,QRS
77422,77464,T
77466,77488,P
77493,77519,QRS
77540,77583,T
77623,77648,P
77662,77688,QRS
77712,77755,T
77770,77800,P
77807,77836,QRS
77862,77901,T
77916,77944,P
77956,77983,QRS
78010,78052,T
78069,78092,P
78111,78130,QRS
78157,78195,T
78213,78241,P
78257,78280,QRS
78305,78340,T
78361,78385,P
78399,78426,QRS
78451,78486,T
78488,78505,P
78509,78537,QRS
78558,78600,T
78651,78677,P
78691,78714,QRS
78742,78779,T
78800,78822,P
78835,78863,QRS
78883,78927,T
78929,78945,P
78950,78979,QRS
79002,79040,T
79088,79114,P
79124,79154,QRS
79177,79219,T
79238,79262,P
79277,79299,QRS
79299,79344,T
79385,79411,QRS
79430,79474,T
79527,79553,P
79558,79591,QRS
79615,79658,T
79681,79698,P
79713,79739,QRS
79761,79803,T
79823,79847,P
79863,79887,QRS
79911,79950,T
79976,79991,P
80010,80034,QRS
80056,80097,T
80115,80143,P
80153,80180,QRS
80206,80246,T
80261,80288,P
80304,80326,QRS
80348,80386,T
80414,80437,QRS
80458,80503,T
80550,80575,P
80586,80615,QRS
80643,80681,T
80697,80724,P
80740,80764,QRS
80786,80831,T
80849,80869,P
80884,80910,QRS
80934,80975,T
80989,81005,P
81013,81041,QRS
81065,81105,T
81138,81164,P
81175,81204,QRS
81226,81270,T
81286,81309,P
81324,81351,QRS
81376,81416,T
81432,81459,P
81475,81498,QRS
81520,81560,T
81561,81585,P
81588,81614,QRS
81637,81679,T
81723,81751,P
81757,81788,QRS
81811,81852,T
81889,81906,P
81912,81935,QRS
81959,82001,T
82024,82040,P
82051,82081,QRS
82105,82147,T
82164,82191,P
82199,82228,QRS
82251,82295,T
82308,82334,P
82352,82375,QRS
82398,82443,T
82460,82483,P
82496,82518,QRS
82518,82564,T
82606,82631,QRS
82653,82695,T
82746,82772,P
82785,82811,QRS
82836,82879,T
82884,82914,P
82927,82957,QRS
82983,83025,T
83040,83066,P
83075,83104,QRS
83126,83173,T
83186,83211,P
83229,83252,QRS
83274,83317,T
83329,83354,P
83371,83398,QRS
83423,83461,T
83495,83514,P
83520,83543,QRS
83567,83604,T
83630,83654,QRS
83678,83718,T
83765,83790,P
83800,83829,QRS
83854,83900,T
83911,83942,P
83948,83979,QRS
84004,84043,T
84055,84084,P
84101,84124,QRS
84148,84191,T
84194,84212,P
84216,84246,QRS
84267,84309,T
84351,84375,P
84386,84414,QRS
84439,84488,T
84503,84521,P
84528,84561,QRS
84581,84632,T
84645,84665,P
84678,84708,QRS
84730,84773,T
84776,84799,P
84803,84830,QRS
84849,84897,T
84928,84957,P
84972,84998,QRS
85022,85063,T
85083,85103,P
85118,85144,QRS
85167,85211,T
85225,85250,P
85260,85290,QRS
85316,85355,T
85367,85385,P
85388,85420,QRS
85442,85480,T
85517,85540,P
85553,85581,QRS
85605,85648,T
85664,85692,P
85708,85729,QRS
85754,85792,T
85824,85839,P
85850,85878,QRS
85900,85940,T
85942,85961,P
85965,85994,QRS
86019,86056,T
86100,86129,P
86137,86170,QRS
86193,86242,T
86258,86277,P
86291,86319,QRS
86344,86385,T
86401,86427,P
86441,86468,QRS
86492,86536,T
86555,86569,P
86583,86606,QRS
86631,86670,T
86708,86728,P
86740,86767,QRS
86792,86836,T
86853,86878,P
86895,86919,QRS
86944,86984,T
87008,87026,P
87040,87068,QRS
87089,87134,T
87150,87178,P
87195,87219,QRS
87242,87279,T
87280,87301,P
87307,87332,QRS
87351,87398,T
87447,87476,P
87489,87511,QRS
87536,87580,T
87596,87622,P
87634,87669,QRS
87687,87728,T
87746,87772,P
87787,87811,QRS
87833,87880,T
87901,87921,P
87933,87960,QRS
87986,88025,T
88042,88069,P
88081,88110,QRS
88133,88177,T
88194,88217,P
88229,88258,QRS
88284,88319,T
88341,88370,QRS
88396,88433,T
88476,88510,P
88524,88551,QRS
88576,88617,T
88634,88663,P
88680,88703,QRS
88727,88769,T
88788,88809,P
88814,88851,QRS
88874,88916,T
88932,88960,P
88977,88999,QRS
89021,89066,T
89085,89105,P
89120,89149,QRS
89176,89214,T
89230,89256,P
89274,89293,QRS
89293,89340,T
89382,89406,QRS
89428,89473,T
89522,89552,P
89559,89589,QRS
89616,89657,T
89682,89695,P
89714,89737,QRS
89762,89805,T
89821,89851,P
89854,89888,QRS
89911,89951,T
89964,89994,P
90012,90034,QRS
90058,90101,T
90117,90146,P
90152,90182,QRS
90207,90249,T
90260,90289,P
90307,90329,QRS
90349,90405,T
90415,90438,QRS
90460,90503,T
90554,90581,P
90595,90618,QRS
90644,90687,T
90699,90728,P
90746,90767,QRS
90792,90833,T
90855,90869,P
90878,90907,QRS
90929,90972,T
90996,91022,P
91039,91062,QRS
91085,91130,T
91145,91168,P
91187,91208,QRS
91208,91252,T
91293,91320,QRS
91344,91384,T
91443,91460,P
91472,91498,QRS
91527,91570,T
91583,91603,P
91625,91648,QRS
91663,91713,T
91727,91754,P
91772,91794,QRS
91827,91860,T
91882,91900,P
91916,91941,QRS
91963,92005,T
92022,92045,P
92066,92087,QRS
92114,92161,T
92169,92196,P
92212,92234,QRS
92257,92305,T
92321,92345,QRS
92368,92406,T
92458,92482,P
92496,92523,QRS
92544,92591,T
92606,92632,P
92649,92672,QRS
92694,92739,T
92761,92777,P
92789,92817,QRS
92845,92883,T
92885,92902,P
92914,92936,QRS
92960,93005,T
93043,93068,P
93084,93109,QRS
93136,93182,T
93196,93215,P
93230,93256,QRS
93286,93321,T
93357,93375,P
93383,93406,QRS
93428,93470,T
93472,93483,P
93496,93529,QRS
93550,93601,T
93632,93659,P
93675,93698,QRS
93721,93762,T
93777,93807,P
93822,93844,QRS
93870,93911,T
93928,93955,P
93964,93992,QRS
94018,94056,T
94083,94119,QRS
94141,94190,T
94220,94246,P
94260,94288,QRS
94307,94350,T
94367,94395,P
94411,94435,QRS
94460,94496,T
94522,94546,QRS
94568,94616,T
94638,94658,P
94678,94710,QRS
94738,94789,T
94819,94837,P
94850,94880,QRS
94904,94946,T
94965,94992,P
95008,95032,QRS
95051,95098,T
95121,95147,P
95152,95183,QRS
95209,95248,T
95251,95265,P
95275,95300,QRS
95318,95366,T
95430,95446,P
95463,95483,QRS
95483,95532,T
95573,95597,QRS
95619,95660,T
95705,95718,P
95725,95751,QRS
95773,95820,T
95880,95900,P
95914,95941,QRS
95970,96010,T
96027,96055,P
96071,96094,QRS
96120,96160,T
96161,96180,P
96190,96212,QRS
96237,96275,T
96326,96353,P
96362,96391,QRS
96414,96458,T
96479,96506,P
96522,96545,QRS
96567,96614,T
96633,96658,P
96667,96696,QRS
96721,96765,T
96784,96807,P
96822,96849,QRS
96873,96914,T
96932,96967,P
96970,96995,QRS
97021,97064,T
97087,97114,P
97131,97154,QRS
97178,97227,T
97241,97265,QRS
97287,97324,T
97332,97370,P
97378,97402,QRS
97426,97476,T
97537,97561,P
97574,97603,QRS
97623,97675,T
97702,97716,P
97730,97755,QRS
97782,97820,T
97822,97839,P
97851,97874,QRS
97896,97940,T
97984,98011,P
98028,98051,QRS
98081,98122,T
98134,98165,P
98180,98203,QRS
98226,98271,T
98288,98317,P
98331,98358,QRS
98381,98420,T
98423,98443,P
98449,98475,QRS
98500,98542,T
98576,98614,P
98621,98654,QRS
98678,98715,T
98728,98760,P
98773,98801,QRS
98827,98870,T
98872,98896,P
98902,98925,QRS
98948,98990,T
99037,99055,P
99069,99098,QRS
99122,99165,T
99182,99209,P
99225,99249,QRS
99272,99319,T
99337,99356,P
99376,99398,QRS
99424,99467,T
99470,99492,P
99497,99521,QRS
99544,99585,T
99632,99652,P
99668,99692,QRS
99721,99759,T
99778,99807,P
99821,99845,QRS
99869,99913,T
99930,99955,P
99963,99994,QRS
100019,100057,T
100058,100081,P
100083,100111,QRS
100133,100178,T
100225,100244,P
100255,100287,QRS
100314,100357,T
100372,100396,P
100412,100440,QRS
100463,100505,T
100523,100543,P
100559,100587,QRS
100613,100651,T
100656,100674,P
100686,100714,QRS
100737,100780,T
100819,100849,P
100864,100886,QRS
100912,100953,T
100966,100994,P
101008,101034,QRS
101059,101104,T
101121,101145,QRS
101165,101210,T
101258,101285,P
101301,101325,QRS
101350,101392,T
101410,101434,P
101452,101475,QRS
101498,101542,T
101557,101584,P
101600,101623,QRS
101647,101688,T
101690,101709,P
101715,101742,QRS
101767,101806,T
101852,101877,P
101881,101915,QRS
101942,101987,T
101996,102023,P
102038,102065,QRS
102088,102135,T
102136,102160,P
102166,102190,QRS
102212,102257,T
102294,102318,P
102329,102361,QRS
102383,102429,T
102445,102471,P
102486,102510,QRS
102534,102578,T
102600,102615,P
102627,102656,QRS
102678,102727,T
102736,102764,P
102777,102804,QRS
102829,102870,T
102880,102911,P
102929,102952,QRS
102974,103015,T
103017,103039,P
103043,103069,QRS
103089,103134,T
103176,103202,P
103213,103241,QRS
103266,103307,T
103321,103351,P
103368,103391,QRS
103414,103457,T
103472,103492,P
103505,103534,QRS
103556,103603,T
103619,103647,P
103662,103687,QRS
103709,103751,T
103774,103792,P
103808,103833,QRS
103856,103900,T
103916,103944,P
103954,103981,QRS
104003,104041,T
104065,104091,QRS
104116,104162,T
104206,104229,P
104243,104270,QRS
104292,104337,T
104353,104381,P
104397,104421,QRS
104442,104490,T
104507,104525,P
104542,104567,QRS
104591,104634,T
104649,104677,P
104693,104713,QRS
104740,104781,T
104803,104822,P
104834,104862,QRS
104885,104927,T
104929,104948,P
104961,104986,QRS
104986,105032,T
105072,105095,QRS
105119,105154,T
105223,105248,P
105260,105288,QRS
105316,105363,T
105378,105401,P
105416,105443,QRS
105473,105507,T
105508,105524,P
105528,105560,QRS
105582,105630,T
105673,105696,P
105699,105732,QRS
105750,105778,T
105823,105841,P
105854,105883,QRS
105911,105945,T
105946,105962,P
105972,105998,QRS
106022,106056,T
106103,106131,P
106148,106173,QRS
106196,106240,T
106273,106294,P
106298,106321,QRS
106350,106383,T
106384,106400,P
106412,106437,QRS
106459,106505,T
106543,106569,P
106586,106610,QRS
106632,106678,T
106686,106717,P
106728,106757,QRS
106786,106819,T
106820,106836,P
106848,106873,QRS
106893,106942,T
106979,107007,P
107023,107046,QRS
107068,107115,T
107126,107151,P
107167,107194,QRS
107222,107255,T
107256,107274,P
107284,107307,QRS
107333,107381,T
107416,107444,P
107449,107483,QRS
107508,107552,T
107562,107589,P
107603,107631,QRS
107657,107692,T
107716,107743,QRS
107767,107807,T
107852,107882,P
107885,107920,QRS
107943,107990,T
108003,108025,P
108039,108068,QRS
108069,108110,T
108151,108177,QRS
108195,108248,T
108289,108316,P
108324,108353,QRS
108381,108423,T
108434,108460,P
108480,108504,QRS
108522,108546,T
108587,108611,QRS
108632,108679,T
108724,108755,P
108761,108791,QRS
108815,108856,T
108871,108895,P
108908,108937,QRS
108961,109005,T
109026,109049,QRS
109067,109115,T
109165,109194,P
109200,109232,QRS
109258,109305,T
109310,109338,P
109356,109379,QRS
109407,109448,T
109461,109490,P
109496,109527,QRS
109552,109589,T
109590,109608,P
109620,109643,QRS
109662,109708,T
109750,109774,P
109789,109815,QRS
109838,109884,T
109897,109926,P
109941,109964,QRS
109987,110038,T
110043,110070,P
110088,110110,QRS
110134,110178,T
110192,110218,P
110235,110257,QRS
110285,110324,T
110356,110375,P
110382,110404,QRS
110428,110464,T
110465,110478,P
110491,110515,QRS
110537,110584,T
110629,110652,P
110666,110693,QRS
110722,110761,T
110774,110803,P
110818,110842,QRS
110869,110916,T
110918,110940,P
110948,110970,QRS
110992,111038,T
111071,111098,P
111108,111138,QRS
111162,111209,T
111212,111244,P
111262,111285,QRS
111309,111346,T
111373,111398,QRS
111422,111463,T
111508,111536,P
111550,111573,QRS
111600,111641,T
111654,111684,P
111699,111722,QRS
111744,111783,T
111811,111835,QRS
111856,111899,T
111945,111975,P
111980,112010,QRS
112038,112081,T
112093,112119,P
112131,112158,QRS
112183,112220,T
112245,112272,QRS
112289,112335,T
112382,112413,P
112425,112449,QRS
112475,112520,T
112522,112556,P
112569,112596,QRS
112622,112639,T
112682,112707,QRS
112727,112773,T
112817,112848,P
112855,112885,QRS
112909,112958,T
112963,112995,P
113011,113033,QRS
113056,113094,T
113118,113146,QRS
113172,113211,T
113256,113285,P
113292,113320,QRS
113346,113386,T
113401,113432,P
113447,113469,QRS
113495,113529,T
113530,113539,P
113545,113581,QRS
113603,113648,T
113692,113723,P
113731,113756,QRS
113783,113822,T
113837,113866,P
113881,113904,QRS
113931,113976,T
113993,114008,P
114021,114050,QRS
114071,114119,T
114133,114161,P
114167,114197,QRS
114223,114262,T
114276,114305,P
114320,114344,QRS
114367,114410,T
114424,114447,P
114464,114489,QRS
114510,114552,T
114554,114571,P
114575,114606,QRS
114629,114675,T
114711,114743,P
114747,114778,QRS
114803,114847,T
114866,114882,P
114896,114924,QRS
114944,114989,T
115005,115032,P
115048,115071,QRS
115098,115137,T
115151,115178,P
115193,115217,QRS
115240,115287,T
115295,115323,P
115337,115362,QRS
115389,115424,T
115426,115443,P
115450,115478,QRS
115499,115539,T
115587,115611,P
115622,115649,QRS
115675,115715,T
115729,115757,P
115770,115798,QRS
115820,115866,T
115882,115901,P
115917,115944,QRS
115966,116010,T
116023,116050,P
116068,116090,QRS
116115,116161,T
116169,116196,P
116209,116236,QRS
116260,116297,T
116324,116350,QRS
116371,116414,T
116458,116489,P
116496,116523,QRS
116548,116593,T
116604,116631,P
116644,116670,QRS
116695,116740,T
116754,116774,P
116792,116816,QRS
116840,116882,T
116898,116924,P
116933,116961,QRS
116985,117028,T
117041,117068,P
117076,117107,QRS
117131,117167,T
117168,117184,P
117193,117219,QRS
117242,117286,T
117329,117355,P
117370,117393,QRS
117419,117461,T
117474,117500,P
117516,117539,QRS
117566,117606,T
117618,117647,P
117661,117686,QRS
117710,117753,T
117772,117792,P
117803,117832,QRS
117861,117897,T
117913,117942,P
117948,117978,QRS
118000,118039,T
118040,118056,P
118067,118093,QRS
118117,118158,T
118197,118225,P
118240,118264,QRS
118286,118333,T
118346,118369,P
118385,118411,QRS
118433,118476,T
118492,118513,P
118534,118557,QRS
118583,118623,T
118653,118672,P
118680,118702,QRS
118725,118767,T
118797,118820,P
118825,118846,QRS
118869,118909,T
118934,118960,QRS
118978,119024,T
119068,119094,P
119105,119132,QRS
119157,119198,T
119213,119240,P
119257,119280,QRS
119304,119349,T
119368,119383,P
119401,119425,QRS
119445,119492,T
119505,119531,P
119543,119570,QRS
119599,119635,T
119649,119676,P
119692,119717,QRS
119742,119776,T
119802,119828,QRS
119850,119897,T
119934,119961,P
119973,120001,QRS
120023,120069,T
120082,120105,P
120117,120147,QRS
120171,120213,T
120227,120254,P
120270,120293,QRS
120316,120357,T
120370,120397,P
120410,120437,QRS
120462,120506,T
120522,120543,P
120555,120582,QRS
120606,120643,T
120644,120662,P
120668,120696,QRS
120721,120759,T
120803,120832,P
120839,120867,QRS
120895,120936,T
120948,120975,P
120991,121014,QRS
121039,121084,T
121086,121105,P
121114,121138,QRS
121158,121211,T
121246,121262,P
121274,121303,QRS
121331,121371,T
121384,121411,P
121428,121452,QRS
121473,121522,T
121526,121555,P
121572,121596,QRS
121618,121661,T
121671,121699,P
121711,121740,QRS
121767,121806,T
121820,121849,P
121863,121885,QRS
121910,121945,T
121946,121963,P
121965,121998,QRS
122018,122060,T
122103,122131,P
122146,122170,QRS
122192,122242,T
122252,122275,P
122293,122315,QRS
122337,122382,T
122397,122418,P
122428,122459,QRS
122484,122524,T
122535,122565,P
122582,122604,QRS
122630,122676,T
122681,122712,P
122725,122749,QRS
122773,122809,T
122810,122823,P
122832,122860,QRS
122881,122929,T
122968,122993,P
123008,123034,QRS
123055,123101,T
123115,123143,P
123152,123180,QRS
123208,123245,T
123259,123285,P
123294,123327,QRS
123350,123390,T
123401,123429,P
123447,123470,QRS
123494,123538,T
123553,123572,P
123585,123614,QRS
123639,123675,T
123699,123728,QRS
123751,123791,T
123835,123864,P
123870,123898,QRS
123920,123974,T
123977,124005,P
124020,124044,QRS
124067,124110,T
124122,124148,P
124166,124188,QRS
124211,124254,T
124269,124292,P
124304,124332,QRS
124354,124398,T
124412,124441,P
124449,124478,QRS
124499,124538,T
124564,124591,QRS
124613,124650,T
124698,124723,P
124737,124762,QRS
124787,124830,T
124841,124867,P
124878,124907,QRS
124930,124975,T
124991,125006,P
125022,125045,QRS
125067,125113,T
125130,125153,P
125167,125196,QRS
125222,125262,T
125274,125298,P
125317,125343,QRS
125366,125414,T
125418,125444,P
125462,125485,QRS
125509,125553,T
125571,125589,P
125599,125630,QRS
125655,125698,T
125710,125733,P
125750,125769,QRS
125769,125815,T
125856,125886,QRS
125907,125946,T
125992,126021,P
126027,126057,QRS
126083,126123,T
126136,126164,P
126181,126204,QRS
126227,126271,T
126273,126291,P
126302,126326,QRS
126350,126387,T
126426,126450,P
126463,126491,QRS
126518,126556,T
126570,126599,P
126614,126638,QRS
126662,126709,T
126711,126727,P
126741,126765,QRS
126787,126839,T
126856,126885,P
126898,126924,QRS
126948,126993,T
127006,127035,P
127042,127071,QRS
127097,127134,T
127148,127164,P
127169,127201,QRS
127224,127268,T
127292,127319,P
127334,127359,QRS
127383,127427,T
127442,127463,P
127480,127505,QRS
127526,127572,T
127584,127616,P
127622,127649,QRS
127674,127714,T
127728,127755,P
127771,127793,QRS
127818,127858,T
127873,127898,P
127916,127938,QRS
127962,128001,T
128026,128052,QRS
128075,128118,T
128158,128187,P
128195,128223,QRS
128250,128291,T
128305,128334,P
128340,128369,QRS
128395,128439,T
128444,128460,P
128465,128495,QRS
128520,128558,T
128592,128617,P
128633,128660,QRS
128680,128726,T
128753,128779,P
128783,128805,QRS
128833,128870,T
128884,128912,P
128927,128950,QRS
128971,129014,T
129027,129052,P
129067,129094,QRS
129116,129162,T
129180,129195,P
129210,129236,QRS
129260,129300,T
129301,129319,P
129324,129352,QRS
129376,129415,T
129458,129480,P
129494,129521,QRS
129547,129587,T
129619,129640,P
129644,129667,QRS
129693,129731,T
129746,129772,P
129788,129812,QRS
129835,129880,T
129888,129915,P
129924,129955,QRS
129978,130027,T
130032,130059,P
130072,130100,QRS
130127,130162,T
130163,130178,P
130189,130213,QRS
130236,130276,T
130321,130349,P
130355,130384,QRS
130409,130449,T
130464,130492,P
130501,130531,QRS
130553,130598,T
130603,130632,P
130651,130673,QRS
130694,130737,T
130749,130780,P
130788,130818,QRS
130847,130884,T
130901,130918,P
130933,130963,QRS
130988,131024,T
131025,131043,P
131051,131076,QRS
131099,131139,T
131179,131207,P
131222,131246,QRS
131272,131309,T
131322,131350,P
131367,131390,QRS
131409,131461,T
131464,131478,P
131491,131517,QRS
131537,131582,T
131613,131636,P
131652,131679,QRS
131702,131743,T
131757,131784,P
131801,131823,QRS
131849,131893,T
131896,131913,P
131916,131947,QRS
131973,132011,T
132050,132072,P
132086,132110,QRS
132133,132177,T
132192,132215,P
132228,132257,QRS
132281,132319,T
132334,132351,P
132364,132386,QRS
132411,132448,T
132476,132502,P
132519,132543,QRS
132570,132610,T
132640,132655,P
132665,132687,QRS
132710,132756,T
132772,132789,P
132808,132830,QRS
132853,132897,T
132906,132933,P
132944,132974,QRS
132996,133039,T
133053,133077,P
133089,133117,QRS
133144,133182,T
133193,133212,P
133215,133244,QRS
133268,133309,T
133340,133366,P
133379,133406,QRS
133428,133472,T
133489,133506,P
133522,133550,QRS
133571,133618,T
133626,133653,P
133667,133694,QRS
133722,133758,T
133771,133798,P
133809,133836,QRS
133861,133903,T
133917,133940,P
133958,133980,QRS
134003,134040,T
134041,134056,P
134068,134093,QRS
134116,134160,T
134197,134225,P
134240,134264,QRS
134287,134334,T
134337,134366,P
134377,134407,QRS
134429,134476,T
134493,134511,P
134525,134549,QRS
134572,134619,T
134629,134652,P
134666,134693,QRS
134722,134759,T
134761,134777,P
134789,134814,QRS
134836,134881,T
134915,134944,P
134949,134978,QRS
135001,135042,T
135057,135085,P
135100,135124,QRS
135145,135187,T
135203,135216,P
135223,135255,QRS
135274,135321,T
135345,135372,P
135384,135411,QRS
135434,135477,T
135491,135521,P
135525,135555,QRS
135576,135621,T
135633,135661,P
135677,135700,QRS
135724,135761,T
135772,135789,P
135800,135825,QRS
135848,135887,T
135918,135945,P
135961,135985,QRS
136009,136052,T
136070,136091,P
136108,136130,QRS
136154,136195,T
136210,136236,P
136253,136275,QRS
136299,136338,T
136349,136367,P
136372,136400,QRS
136427,136465,T
136492,136522,P
136537,136562,QRS
136586,136631,T
136661,136676,P
136683,136706,QRS
136731,136772,T
136777,136795,P
136823,136852,QRS
136877,136919,T
136921,136940,P
136949,136974,QRS
136995,137039,T
137071,137101,P
137108,137140,QRS
137162,137210,T
137215,137242,P
137253,137282,QRS
137305,137350,T
137363,137386,P
137402,137427,QRS
137450,137496,T
137500,137520,P
137524,137553,QRS
137575,137618,T
137650,137678,P
137683,137715,QRS
137741,137788,T
137790,137820,P
137831,137860,QRS
137882,137927,T
137941,137962,P
137978,138005,QRS
138030,138074,T
138085,138109,P
138126,138149,QRS
138175,138213,T
138228,138254,P
138271,138294,QRS
138319,138360,T
138371,138398,P
138415,138438,QRS
138461,138498,T
138522,138548,QRS
138569,138617,T
138635,138676,QRS
138708,138743,T
138803,138824,P
138839,138868,QRS
138893,138934,T
138947,138974,P
138990,139014,QRS
139036,139078,T
139080,139101,P
139105,139133,QRS
139158,139197,T
139238,139259,P
139273,139299,QRS
139325,139365,T
139382,139404,P
139418,139445,QRS
139470,139508,T
139513,139549,P
139560,139589,QRS
139614,139652,T
139666,139693,P
139710,139733,QRS
139756,139801,T
139809,139835,P
139848,139876,QRS
139898,139943,T
139953,139978,P
139988,140019,QRS
140047,140083,T
140105,140131,QRS
140150,140195,T
140239,140265,P
140276,140301,QRS
140324,140369,T
140383,140410,P
140417,140448,QRS
140473,140510,T
140525,140540,P
140554,140579,QRS
140601,140647,T
140678,140695,P
140711,140734,QRS
140757,140803,T
140829,140844,P
140854,140878,QRS
140899,140945,T
140953,140978,P
140996,141021,QRS
141047,141087,T
141098,141117,P
141120,141150,QRS
141174,141213,T
141244,141272,P
141278,141310,QRS
141334,141373,T
141383,141414,P
141430,141453,QRS
141476,141520,T
141538,141555,P
141573,141595,QRS
141618,141666,T
141676,141703,P
141709,141738,QRS
141764,141805,T
141819,141848,P
141852,141882,QRS
141909,141947,T
141961,141988,P
141998,142026,QRS
142052,142085,T
142111,142135,QRS
142160,142210,T
142243,142271,P
142284,142307,QRS
142331,142374,T
142386,142414,P
142430,142451,QRS
142475,142520,T
142529,142543,P
142553,142581,QRS
142601,142646,T
142679,142696,P
142712,142740,QRS
142764,142805,T
142817,142841,P
142852,142882,QRS
142908,142947,T
142961,142993,P
142998,143025,QRS
143052,143088,T
143101,143117,P
143130,143154,QRS
143178,143222,T
143245,143273,P
143279,143311,QRS
143335,143381,T
143386,143415,P
143433,143456,QRS
143478,143522,T
143534,143560,P
143573,143599,QRS
143621,143667,T
143669,143686,P
143696,143719,QRS
143741,143787,T
143821,143849,P
143855,143885,QRS
143911,143959,T
143963,143990,P
144005,144031,QRS
144053,144099,T
144104,144132,P
144150,144174,QRS
144196,144240,T
144250,144266,P
144273,144302,QRS
144326,144368,T
144396,144423,P
144432,144461,QRS
144488,144533,T
144539,144567,P
144575,144605,QRS
144630,144675,T
144681,144709,P
144726,144749,QRS
144773,144821,T
144824,144840,P
144852,144878,QRS
144900,144941,T
144973,144997,P
145005,145037,QRS
145061,145102,T
145114,145146,P
145153,145181,QRS
145206,145245,T
145260,145283,P
145303,145325,QRS
145350,145392,T
145395,145414,P
145418,145446,QRS
145472,145511,T
145545,145572,P
145583,145612,QRS
145635,145682,T
145693,145718,P
145730,145756,QRS
145784,145824,T
145835,145865,P
145873,145901,QRS
145927,145966,T
145979,146005,P
146011,146046,QRS
146067,146112,T
146123,146149,P
146161,146190,QRS
146213,146256,T
146275,146292,P
146304,146335,QRS
146360,146393,T
146394,146414,P
146417,146447,QRS
146470,146508,T
146511,146524,P
146528,146570,QRS
146598,146633,T
146696,146724,P
146731,146763,QRS
146787,146834,T
146840,146866,P
146880,146908,QRS
146930,146974,T
146987,147010,P
147021,147051,QRS
147077,147118,T
147132,147154,P
147167,147196,QRS
147222,147259,T
147273,147304,P
147319,147341,QRS
147364,147400,T
147401,147419,P
147420,147454,QRS
147476,147517,T
147557,147583,P
147599,147623,QRS
147648,147691,T
147710,147728,P
147746,147768,QRS
147791,147838,T
147846,147872,P
147889,147913,QRS
147938,147979,T
147989,148006,P
148013,148042,QRS
148066,148105,T
148135,148162,P
148167,148201,QRS
148224,148268,T
148272,148306,P
148321,148348,QRS
148371,148413,T
148427,148447,P
148461,148490,QRS
148513,148555,T
148568,148596,P
148605,148633,QRS
148658,148699,T
148701,148722,P
148727,148754,QRS
148776,148823,T
148854,148882,P
148898,148921,QRS
148943,148979,T
148987,149013,P
149018,149040,QRS
149064,149106,T
149144,149162,P
149179,149206,QRS
149232,149272,T
149288,149311,P
149324,149352,QRS
149378,149416,T
149431,149458,P
149471,149498,QRS
149521,149557,T
149558,149579,P
149584,149611,QRS
149631,149675,T
149712,149741,P
149745,149781,QRS
149806,149849,T
149865,149883,P
149897,149927,QRS
149951,149992,T
150006,150034,P
150043,150071,QRS
150095,150134,T
150167,150187,P
150194,150216,QRS
150240,150280,T
150290,150319,P
150337,150359,QRS
150384,150425,T
150440,150464,P
150482,150505,QRS
150529,150562,T
150589,150614,QRS
150634,150682,T
150726,150751,P
150758,150788,QRS
150814,150856,T
150870,150897,P
150913,150937,QRS
150960,151007,T
151010,151027,P
151037,151062,QRS
151084,151129,T
151161,151184,P
151197,151225,QRS
151247,151291,T
151305,151334,P
151348,151370,QRS
151395,151439,T
151448,151475,P
151492,151514,QRS
151538,151580,T
151582,151601,P
151608,151635,QRS
151657,151698,T
151739,151760,P
151775,151801,QRS
151821,151866,T
151880,151908,P
151916,151945,QRS
151972,152010,T
152024,152050,P
152059,152089,QRS
152114,152152,T
152164,152181,P
152185,152214,QRS
152241,152280,T
152310,152337,P
152352,152376,QRS
152396,152443,T
152458,152482,QRS
152504,152553,T
152590,152617,P
152633,152657,QRS
152680,152726,T
152744,152771,P
152787,152810,QRS
152835,152871,T
152872,152885,P
152895,152922,QRS
152944,152989,T
153025,153054,P
153070,153094,QRS
153117,153163,T
153180,153198,P
153211,153238,QRS
153259,153305,T
153319,153339,P
153354,153381,QRS
153408,153450,T
153462,153490,P
153497,153526,QRS
153551,153586,T
153603,153630,P
153646,153670,QRS
153692,153732,T
153733,153750,P
153761,153787,QRS
153806,153852,T
153887,153913,P
153929,153954,QRS
153979,154021,T
154036,154058,P
154071,154096,QRS
154096,154141,T
154156,154173,P
154190,154213,QRS
154236,154276,T
154280,154312,P
154320,154358,QRS
154376,154414,T
154464,154492,P
154507,154532,QRS
154554,154599,T
154614,154633,P
154647,154676,QRS
154699,154718,T
154761,154784,QRS
154805,154851,T
154895,154918,P
154929,154957,QRS
154984,155024,T
155054,155077,P
155082,155104,QRS
155127,155167,T
155181,155209,P
155225,155248,QRS
155261,155319,T
155324,155350,P
155362,155392,QRS
155414,155459,T
155467,155495,P
155507,155534,QRS
155557,155602,T
155615,155639,P
155652,155673,QRS
155673,155721,T
155760,155789,QRS
155812,155853,T
155898,155924,P
155934,155963,QRS
155988,156030,T
156060,156079,P
156087,156109,QRS
156131,156176,T
156177,156196,P
156199,156230,QRS
156251,156292,T
156331,156355,P
156370,156396,QRS
156422,156462,T
156476,156501,P
156512,156541,QRS
156567,156606,T
156618,156634,P
156647,156671,QRS
156694,156734,T
156764,156790,P
156806,156829,QRS
156853,156899,T
156912,156935,P
156946,156975,QRS
156999,157041,T
157049,157069,P
157074,157101,QRS
157124,157163,T
157195,157226,P
157230,157265,QRS
157288,157333,T
157340,157371,P
157381,157408,QRS
157432,157475,T
157488,157511,P
157524,157554,QRS
157575,157618,T
157633,157659,P
157676,157698,QRS
157723,157762,T
157777,157804,P
157819,157843,QRS
157868,157904,T
157905,157928,P
157932,157957,QRS
157978,158026,T
158063,158089,P
158099,158129,QRS
158152,158195,T
158211,158236,P
158252,158275,QRS
158300,158341,T
158354,158369,P
158379,158407,QRS
158430,158472,T
158515,158534,P
158538,158566,QRS
158589,158632,T
158645,158670,P
158683,158711,QRS
158733,158774,T
158790,158817,P
158825,158856,QRS
158881,158929,T
158933,158948,P
158960,158986,QRS
159009,159053,T
159074,159103,P
159120,159145,QRS
159164,159212,T
159227,159255,P
159270,159293,QRS
159316,159356,T
159372,159397,P
159415,159437,QRS
159460,159505,T
159519,159542,P
159557,159584,QRS
159605,159648,T
159664,159693,P
159700,159729,QRS
159754,159794,T
159808,159835,P
159852,159875,QRS
159898,159935,T
159958,159986,QRS
160008,160052,T
160100,160120,P
160131,160161,QRS
160183,160228,T
160259,160281,P
160285,160308,QRS
160332,160373,T
160384,160414,P
160430,160454,QRS
160475,160523,T
160526,160546,P
160555,160579,QRS
160601,160646,T
160677,160705,P
160715,160743,QRS
160769,160808,T
160822,160849,P
160866,160889,QRS
160913,160954,T
160966,160992,P
161004,161033,QRS
161056,161101,T
161103,161122,P
161129,161155,QRS
161177,161226,T
161258,161286,P
161293,161321,QRS
161348,161394,T
161402,161427,P
161441,161468,QRS
161488,161532,T
161553,161572,P
161589,161612,QRS
161635,161683,T
161686,161708,P
161712,161738,QRS
161756,161805,T
161841,161865,P
161874,161901,QRS
161925,161972,T
161980,162010,P
162018,162048,QRS
162071,162116,T
162124,162152,P
162169,162195,QRS
162217,162261,T
162265,162280,P
162293,162316,QRS
162339,162385,T
162417,162444,P
162458,162481,QRS
162506,162549,T
162566,162587,P
162604,162628,QRS
162650,162694,T
162705,162733,P
162749,162772,QRS
162797,162838,T
162841,162864,P
162870,162894,QRS
162913,162959,T
162996,163020,P
163035,163062,QRS
163083,163131,T
163142,163167,P
163182,163208,QRS
163229,163273,T
163287,163317,P
163324,163352,QRS
163373,163421,T
163423,163444,P
163448,163474,QRS
163497,163539,T
163571,163602,P
163613,163641,QRS
163665,163708,T
163723,163745,P
163754,163789,QRS
163809,163854,T
163865,163892,P
163903,163934,QRS
163959,163998,T
164012,164029,P
164038,164065,QRS
164088,164132,T
164163,164184,P
164195,164221,QRS
164245,164289,T
164304,164336,P
164341,164368,QRS
164393,164438,T
164446,164474,P
164482,164514,QRS
164538,164578,T
164584,164620,P
164633,164657,QRS
164683,164721,T
164722,164742,P
164748,164772,QRS
164792,164840,T
164879,164910,P
164920,164944,QRS
164966,165009,T
165025,165052,P
165068,165090,QRS
165115,165164,T
165180,165195,P
165210,165236,QRS
165257,165298,T
165301,165344,P
165353,165380,QRS
165404,165448,T
165458,165488,P
165498,165525,QRS
165551,165589,T
165604,165631,P
165648,165671,QRS
165693,165731,T
165756,165782,QRS
165802,165843,T
165890,165913,P
165919,165954,QRS
165981,166022,T
166040,166060,P
166074,166100,QRS
166126,166166,T
166180,166207,P
166214,166244,QRS
166271,166308,T
166320,166337,P
166349,166371,QRS
166397,166434,T
166468,166494,P
166507,166534,QRS
166555,166602,T
166614,166638,P
166650,166680,QRS
166708,166746,T
166748,166787,P
166795,166826,QRS
166849,166894,T
166897,166920,P
166926,166949,QRS
166973,167015,T
167056,167074,P
167088,167114,QRS
167138,167182,T
167200,167220,P
167222,167261,QRS
167285,167324,T
167338,167367,P
167379,167406,QRS
167429,167475,T
167477,167493,P
167504,167539,QRS
167553,167599,T
167630,167657,P
167667,167694,QRS
167720,167762,T
167775,167802,P
167811,167843,QRS
167867,167910,T
167918,167945,P
167960,167986,QRS
168008,168055,T
168058,168079,P
168088,168111,QRS
168130,168175,T
168211,168241,P
168245,168276,QRS
168303,168346,T
168351,168383,P
168395,168422,QRS
168444,168490,T
168508,168526,P
168540,168567,QRS
168591,168636,T
168640,168662,P
168664,168691,QRS
168711,168757,T
168791,168816,P
168826,168856,QRS
168881,168923,T
168940,168962,P
168976,169004,QRS
169025,169072,T
169089,169106,P
169119,169149,QRS
169174,169212,T
169226,169241,P
169251,169278,QRS
169301,169342,T
169373,169397,P
169413,169439,QRS
169460,169504,T
169508,169546,P
169558,169584,QRS
169604,169651,T
169664,169693,P
169699,169730,QRS
169753,169794,T
169796,169815,P
169823,169847,QRS
169870,169913,T
169949,169975,P
169989,170015,QRS
170039,170083,T
170103,170120,P
170136,170162,QRS
170183,170228,T
170257,170282,P
170285,170309,QRS
170332,170372,T
170384,170413,P
170429,170452,QRS
170476,170521,T
170524,170554,P
170570,170598,QRS
170618,170662,T
170680,170699,P
170716,170740,QRS
170766,170801,T
170826,170855,QRS
170873,170916,T
170963,170989,P
170994,171024,QRS
171051,171090,T
171103,171130,P
171147,171170,QRS
171194,171239,T
171258,171273,P
171292,171315,QRS
171335,171380,T
171397,171417,P
171428,171457,QRS
171481,171525,T
171539,171568,P
171573,171603,QRS
171628,171666,T
171681,171710,P
171725,171747,QRS
171772,171807,T
171830,171857,QRS
171881,171927,T
171962,171992,P
172007,172032,QRS
172054,172101,T
172113,172136,P
172148,172177,QRS
172200,172242,T
172257,172287,P
172293,172323,QRS
172347,172385,T
172397,172414,P
172427,172451,QRS
172475,172511,T
172542,172570,P
172581,172610,QRS
172635,172677,T
172694,172714,P
172733,172755,QRS
172779,172819,T
172834,172862,P
172871,172900,QRS
172926,172964,T
172974,172991,P
172997,173024,QRS
173048,173087,T
173130,173147,P
173160,173188,QRS
173210,173256,T
173258,173289,P
173301,173333,QRS
173354,173398,T
173416,173443,P
173449,173478,QRS
173504,173541,T
173556,173584,P
173599,173623,QRS
173646,173686,T
173696,173724,P
173740,173766,QRS
173789,173832,T
173853,173868,P
173883,173910,QRS
173931,173972,T
173996,174022,QRS
174045,174080,P
174094,174118,QRS
174132,174183,T
174274,174302,P
174308,174338,QRS
174365,174410,T
174437,174455,P
174462,174485,QRS
174507,174558,T
174562,174581,P
174585,174615,QRS
174639,174679,T
174710,174731,P
174744,174773,QRS
174799,174839,T
174852,174878,P
174895,174917,QRS
174943,174992,T
174996,175021,P
175038,175062,QRS
175083,175123,T
175124,175146,P
175149,175178,QRS
175196,175242,T
175287,175312,P
175316,175345,QRS
175367,175414,T
175429,175451,P
175465,175493,QRS
175519,175559,T
175560,175579,P
175583,175612,QRS
175635,175677,T
175711,175739,P
175745,175779,QRS
175803,175844,T
175856,175884,P
175901,175925,QRS
175945,175993,T
176009,176025,P
176038,176067,QRS
176089,176128,T
176132,176146,P
176170,176195,QRS
176222,176258,T
176265,176297,P
176305,176341,QRS
176365,176414,T
176445,176461,P
176478,176501,QRS
176525,176568,T
176586,176603,P
176622,176644,QRS
176667,176711,T
176738,176762,QRS
176785,176828,T
176870,176895,P
176911,176935,QRS
176960,177007,T
177011,177037,P
177051,177079,QRS
177099,177136,T
177137,177155,P
177164,177189,QRS
177210,177257,T
177305,177322,P
177337,177361,QRS
177385,177429,T
177441,177470,P
177478,177506,QRS
177534,177572,T
177587,177613,P
177630,177653,QRS
177679,177726,T
177728,177756,P
177772,177796,QRS
177819,177858,T
177860,177880,P
177886,177913,QRS
177933,177977,T
178002,178028,QRS
178051,178091,T
178165,178183,P
178197,178224,QRS
178248,178293,T
178303,178332,P
178340,178369,QRS
178397,178432,T
178447,178474,P
178490,178513,QRS
178538,178581,T
178589,178618,P
178628,178656,QRS
178679,178720,T
178730,178759,P
178777,178800,QRS
178822,178843,T
178885,178909,QRS
178930,178973,T
179019,179043,P
179055,179079,QRS
179103,179153,T
179163,179185,P
179206,179228,QRS
179253,179292,T
179305,179334,P
179350,179373,QRS
179396,179435,T
179449,179476,P
179494,179517,QRS
179532,179562,T
179598,179618,P
179624,179656,QRS
179669,179724,T
179725,179739,P
179742,179773,QRS
179797,179833,T
179881,179903,P
179916,179944,QRS
179971,180010,T
180024,180051,P
180067,180090,QRS
180113,180154,T
180168,180183,P
180197,180221,QRS
180243,180287,T
180308,180337,P
180356,180378,QRS
180403,180446,T
180460,180483,P
180495,180523,QRS
180551,180588,T
180615,180641,QRS
180662,180702,T
180734,180753,P
180759,180788,QRS
180814,180859,T
180896,180916,P
180932,180957,QRS
180985,181028,T
181036,181062,P
181075,181104,QRS
181124,181169,T
181181,181194,P
181209,181233,QRS
181254,181301,T
181335,181374,QRS
181398,181444,T
181470,181496,P
181510,181539,QRS
181562,181604,T
181616,181633,P
181647,181670,QRS
181693,181737,T
181760,181787,P
181801,181828,QRS
181849,181892,T
181900,181928,P
181936,181961,QRS
181985,182032,T
182052,182074,P
182087,182114,QRS
182139,182187,T
182189,182210,P
182216,182241,QRS
182261,182305,T
182336,182363,P
182373,182403,QRS
182428,182471,T
182482,182508,P
182525,182546,QRS
182570,182619,T
182622,182638,P
182646,182674,QRS
182696,182741,T
182773,182800,P
182803,182835,QRS
182859,182899,T
182915,182942,P
182953,182980,QRS
183007,183052,T
183055,183084,P
183101,183125,QRS
183147,183196,T
183198,183213,P
183223,183250,QRS
183270,183320,T
183337,183360,QRS
183380,183426,T
183457,183491,QRS
183518,183574,T
183635,183663,P
183668,183700,QRS
183724,183771,T
183777,183807,P
183822,183845,QRS
183869,183906,T
183934,183958,QRS
183976,184021,T
184061,184088,P
184102,184125,QRS
184149,184195,T
184208,184232,P
184244,184273,QRS
184296,184337,T
184367,184390,P
184396,184417,QRS
184442,184482,T
184493,184519,P
184537,184560,QRS
184583,184623,T
184645,184662,P
184681,184703,QRS
184727,184770,T
184789,184807,P
184817,184847,QRS
184870,184906,T
184907,184929,P
184933,184958,QRS
184978,185022,T
185067,185089,P
185104,185126,QRS
185150,185194,T
185197,185234,P
185251,185274,QRS
185302,185338,T
185352,185376,P
185396,185418,QRS
185443,185480,T
185506,185531,QRS
185551,185598,T
185638,185665,P
185679,185705,QRS
185728,185775,T
185783,185809,P
185826,185850,QRS
185874,185916,T
185928,185952,P
185970,185993,QRS
186018,186058,T
186089,186109,P
186114,186138,QRS
186161,186208,T
186215,186243,P
186259,186281,QRS
186303,186349,T
186352,186384,P
186402,186419,QRS
186419,186468,T
186510,186534,QRS
186555,186599,T
186646,186669,P
186675,186708,QRS
186734,186774,T
186789,186814,P
186822,186854,QRS
186879,186921,T
186950,186981,QRS
187001,187054,T
187083,187102,P
187113,187143,QRS
187162,187212,T
187214,187228,P
187237,187260,QRS
187283,187319,T
187328,187345,P
187351,187373,QRS
187396,187435,T
187506,187526,P
187536,187566,QRS
187589,187639,T
187654,187682,P
187695,187720,QRS
187745,187784,T
187786,187805,P
187810,187837,QRS
187861,187901,T
187945,187973,P
187980,188007,QRS
188034,188074,T
188088,188115,P
188132,188155,QRS
188179,188217,T
188222,188237,P
188251,188284,QRS
188306,188352,T
188378,188401,P
188416,188443,QRS
188464,188509,T
188523,188552,P
188559,188587,QRS
188614,188652,T
188653,188674,P
188679,188706,QRS
188728,188772,T
188808,188835,P
188850,188875,QRS
188897,188942,T
188963,188978,P
188990,189019,QRS
189045,189086,T
189101,189125,P
189135,189165,QRS
189188,189230,T
189242,189270,P
189287,189311,QRS
189334,189375,T
189377,189396,P
189399,189427,QRS
189447,189498,T
189531,189556,P
189570,189593,QRS
189614,189664,T
189678,189702,P
189715,189745,QRS
189771,189811,T
189822,189850,P
189866,189889,QRS
189911,189954,T
189976,189995,P
190000,190025,QRS
190048,190098,T
190112,190143,P
190151,190181,QRS
190206,190242,T
190243,190261,P
190270,190296,QRS
190318,190361,T
190374,190408,P
190421,190453,QRS
190475,190522,T
190546,190573,P
190586,190614,QRS
190639,190681,T
190710,190733,P
190738,190760,QRS
190785,190820,T
190838,190867,P
190883,190906,QRS
190928,190973,T
190987,191007,P
191021,191051,QRS
191073,191121,T
191133,191160,P
191167,191196,QRS
191223,191256,T
191278,191308,QRS
191331,191368,T
191425,191443,P
191456,191484,QRS
191506,191550,T
191562,191588,P
191600,191630,QRS
191656,191694,T
191706,191722,P
191729,191758,QRS
191782,191821,T
191854,191880,P
191898,191921,QRS
191944,191990,T
192011,192026,P
192040,192068,QRS
192094,192135,T
192149,192179,P
192184,192212,QRS
192237,192280,T
192291,192304,P
192321,192345,QRS
192369,192412,T
192442,192463,P
192472,192503,QRS
192526,192569,T
192584,192614,P
192621,192651,QRS
192675,192716,T
192727,192756,P
192774,192795,QRS
192819,192867,T
192883,192898,P
192912,192940,QRS
192962,193008,T
193022,193051,P
193061,193086,QRS
193109,193147,T
193168,193199,QRS
193219,193260,T
193307,193333,P
193340,193369,QRS
193395,193434,T
193448,193474,P
193493,193516,QRS
193539,193584,T
193593,193612,P
193620,193645,QRS
193669,193710,T
193742,193765,P
193777,193807,QRS
193832,193872,T
193882,193910,P
193927,193951,QRS
193972,194015,T
194029,194054,P
194073,194095,QRS
194119,194162,T
194189,194213,P
194218,194241,QRS
194268,194303,T
194319,194346,P
194355,194385,QRS
194410,194446,T
194447,194463,P
194474,194500,QRS
194521,194562,T
194603,194631,P
194643,194670,QRS
194693,194743,T
194758,194775,P
194793,194815,QRS
194835,194883,T
194901,194915,P
194931,194953,QRS
194976,195020,T
195040,195068,P
195082,195105,QRS
195131,195173,T
195184,195209,P
195228,195252,QRS
195275,195320,T
195337,195355,P
195371,195395,QRS
195417,195461,T
195474,195497,P
195510,195539,QRS
195565,195604,T
195638,195656,P
195663,195686,QRS
195710,195745,T
195746,195765,P
195772,195797,QRS
195818,195865,T
195899,195930,P
195941,195974,QRS
195994,196039,T
196052,196074,P
196086,196114,QRS
196139,196182,T
196195,196224,P
196230,196261,QRS
196282,196344,T
196381,196407,QRS
196429,196473,T
196478,196510,P
196522,196551,QRS
196573,196616,T
196633,196660,P
196669,196697,QRS
196724,196764,T
196775,196804,P
196819,196843,QRS
196867,196912,T
196926,196955,P
196959,196987,QRS
197015,197041,P
197067,197094,QRS
197114,197161,T
197208,197230,P
197244,197271,QRS
197296,197338,T
197368,197389,P
197395,197420,QRS
197442,197483,T
197486,197506,P
197512,197539,QRS
197561,197604,T
197649,197665,P
197681,197705,QRS
197726,197757,T
197787,197812,P
197821,197850,QRS
197880,197909,T
197910,197926,P
197950,197980,QRS
198003,198045,T
198073,198101,P
198115,198141,QRS
198166,198211,T
198225,198245,P
198258,198288,QRS
198309,198357,T
198360,198380,P
198385,198412,QRS
198439,198476,T
198508,198538,P
198552,198577,QRS
198601,198646,T
198664,198681,P
198692,198721,QRS
198746,198790,T
198807,198826,P
198843,198869,QRS
198894,198932,T
198953,198989,QRS
199013,199054,T
199087,199115,P
199126,199155,QRS
199179,199229,T
199232,199259,P
199272,199298,QRS
199324,199368,T
199381,199412,P
199418,199445,QRS
199473,199511,T
199513,199538,P
199540,199566,QRS
199586,199632,T
199666,199695,P
199709,199732,QRS
199757,199800,T
199810,199838,P
199852,199879,QRS
199901,199945,T
199958,199980,P
199994,200023,QRS
200051,200085,T
200095,200115,P
200120,200146,QRS
200169,200211,T
200246,200271,P
200286,200312,QRS
200335,200382,T
200384,200418,P
200434,200457,QRS
200481,200523,T
200538,200560,P
200574,200602,QRS
200626,200669,T
200672,200693,P
200696,200725,QRS
200742,200790,T
200811,200835,P
200855,200889,QRS
200911,200962,T
200969,200992,P
201006,201035,QRS
201057,201100,T
201114,201140,P
201150,201179,QRS
201205,201246,T
201248,201269,P
201275,201299,QRS
201319,201365,T
201402,201427,P
201443,201467,QRS
201491,201537,T
201558,201573,P
201585,201612,QRS
201636,201679,T
201694,201716,P
201730,201757,QRS
201783,201824,T
201826,201849,P
201853,201880,QRS
201900,201948,T
201979,202008,P
202020,202045,QRS
202070,202112,T
202134,202151,P
202163,202191,QRS
202217,202263,T
202270,202300,P
202307,202336,QRS
202363,202401,T
202412,202427,P
202435,202463,QRS
202484,202534,T
202559,202583,P
202596,202624,QRS
202650,202688,T
202702,202728,P
202746,202769,QRS
202791,202836,T
202864,202890,QRS
202909,202956,T
202978,203002,P
203005,203032,QRS
203054,203101,T
203133,203163,P
203175,203200,QRS
203225,203264,T
203276,203306,P
203317,203346,QRS
203368,203413,T
203423,203445,P
203464,203491,QRS
203514,203556,T
203571,203596,P
203612,203635,QRS
203659,203698,T
203710,203743,P
203757,203779,QRS
203803,203847,T
203856,203882,P
203903,203925,QRS
203948,203983,T
204009,204035,QRS
204056,204099,T
204144,204167,P
204176,204209,QRS
204236,204276,T
204289,204316,P
204327,204354,QRS
204380,204422,T
204432,204446,P
204461,204485,QRS
204507,204553,T
204582,204602,P
204616,204643,QRS
204667,204712,T
204726,204755,P
204761,204789,QRS
204816,204855,T
204869,204882,P
204898,204920,QRS
204946,204989,T
205023,205039,P
205053,205078,QRS
205100,205145,T
205162,205183,P
205194,205225,QRS
205248,205290,T
205305,205334,P
205340,205369,QRS
205396,205439,T
205441,205460,P
205464,205495,QRS
205518,205557,T
205591,205617,P
205629,205659,QRS
205681,205724,T
205740,205764,P
205777,205805,QRS
205829,205871,T
205883,205911,P
205918,205951,QRS
205974,206014,T
206029,206053,P
206069,206095,QRS
206118,206163,T
206178,206198,P
206216,206240,QRS
206263,206305,T
206319,206348,P
206363,206385,QRS
206411,206444,T
206451,206467,P
206473,206497,QRS
206520,206558,T
206604,206633,P
206647,206671,QRS
206694,206739,T
206754,206776,P
206793,206816,QRS
206837,206882,T
206898,206926,P
206934,206963,QRS
206985,207032,T
207041,207068,P
207083,207109,QRS
207131,207174,T
207195,207209,P
207223,207253,QRS
207275,207319,T
207334,207355,P
207369,207397,QRS
207424,207439,T
207482,207507,QRS
207525,207571,T
207617,207648,P
207653,207682,QRS
207709,207749,T
207761,207788,P
207803,207828,QRS
207851,207896,T
207908,207926,P
207934,207961,QRS
207988,208025,T
208052,208075,P
208086,208117,QRS
208145,208180,T
208194,208224,P
208232,208262,QRS
208288,208328,T
208342,208369,P
208379,208406,QRS
208430,208473,T
208475,208493,P
208497,208527,QRS
208550,208590,T
208630,208659,P
208665,208694,QRS
208722,208760,T
208774,208805,P
208810,208841,QRS
208866,208908,T
208920,208947,P
208963,208986,QRS
209006,209051,T
209067,209088,P
209104,209131,QRS
209156,209196,T
209210,209235,P
209247,209276,QRS
209301,209341,T
209352,209380,P
209396,209419,QRS
209444,209478,T
209479,209493,P
209508,209532,QRS
209552,209590,T
209635,209666,P
209677,209704,QRS
209726,209772,T
209787,209807,P
209828,209850,QRS
209878,209914,T
209931,209958,P
209973,209995,QRS
210020,210065,T
210069,210086,P
210091,210122,QRS
210147,210184,T
210210,210244,P
210258,210283,QRS
210305,210351,T
210366,210393,P
210403,210431,QRS
210454,210495,T
210509,210537,P
210544,210577,QRS
210600,210619,T
210624,210652,P
210668,210697,QRS
210722,210762,T
210792,210821,P
210832,210864,QRS
210893,210930,T
210945,210972,P
210981,211012,QRS
211036,211074,T
211090,211116,P
211133,211155,QRS
211174,211224,T
211226,211242,P
211255,211279,QRS
211301,211340,T
211381,211407,P
211410,211445,QRS
211471,211509,T
211542,211562,P
211568,211591,QRS
211617,211658,T
211666,211695,P
211713,211735,QRS
211758,211801,T
211803,211831,P
211834,211864,QRS
211881,211917,T
211960,211986,P
211995,212023,QRS
212047,212086,T
212103,212130,P
212146,212170,QRS
212192,212241,T
212244,212260,P
212273,212296,QRS
212319,212365,T
212395,212417,P
212431,212458,QRS
212486,212523,T
212538,212565,P
212575,212604,QRS
212630,212667,T
212700,212719,P
212725,212749,QRS
212772,212816,T
212837,212852,P
212868,212893,QRS
212915,212960,T
212976,212993,P
213010,213038,QRS
213063,213103,T
213119,213141,P
213152,213182,QRS
213208,213248,T
213258,213288,P
213305,213328,QRS
213351,213391,T
213411,213431,P
213449,213470,QRS
213494,213533,T
213556,213576,P
213594,213614,QRS
213614,213657,T
213698,213725,QRS
213745,213790,T
213809,213850,QRS
213881,213914,T
213980,214009,P
214022,214047,QRS
214071,214114,T
214130,214153,P
214167,214193,QRS
214215,214258,T
214260,214281,P
214291,214314,QRS
214335,214375,T
214413,214442,P
214448,214483,QRS
214505,214548,T
214557,214585,P
214604,214628,QRS
214651,214693,T
214708,214730,P
214749,214771,QRS
214797,214838,T
214840,214864,P
214868,214894,QRS
214918,214955,T
214998,215019,P
215028,215059,QRS
215084,215127,T
215144,215165,P
215182,215203,QRS
215228,215272,T
215289,215306,P
215325,215348,QRS
215373,215418,T
215422,215442,P
215448,215473,QRS
215496,215539,T
215589,215605,P
215614,215636,QRS
215663,215699,T
215718,215742,P
215754,215783,QRS
215804,215853,T
215862,215886,P
215899,215926,QRS
215951,215995,T
216014,216050,QRS
216071,216111,T
216148,216176,P
216193,216216,QRS
216238,216286,T
216311,216331,P
216337,216360,QRS
216385,216430,T
216444,216463,P
216476,216506,QRS
216524,216570,T
216583,216607,P
216620,216647,QRS
216676,216713,T
216732,216755,P
216762,216792,QRS
216818,216855,T
216872,216897,P
216914,216937,QRS
216961,216996,T
216997,217019,P
217025,217048,QRS
217069,217116,T
217159,217181,P
217190,217220,QRS
217247,217286,T
217300,217322,P
217340,217366,QRS
217385,217429,T
217447,217468,P
217474,217510,QRS
217536,217573,T
217588,217615,P
217632,217656,QRS
217680,217718,T
217737,217760,P
217775,217798,QRS
217819,217867,T
217883,217901,P
217916,217944,QRS
217970,218009,T
218027,218055,QRS
218076,218118,T
218163,218189,P
218199,218226,QRS
218251,218292,T
218323,218341,P
218350,218374,QRS
218395,218442,T
218448,218478,P
218493,218516,QRS
218539,218584,T
218587,218619,P
218631,218659,QRS
218680,218726,T
218781,218803,QRS
218829,218869,T
218882,218907,P
218918,218947,QRS
218973,219006,T
219032,219057,QRS
219075,219130,T
219166,219192,P
219207,219233,QRS
219256,219297,T
219306,219335,P
219346,219376,QRS
219398,219439,T
219445,219477,P
219497,219520,QRS
219541,219588,T
219591,219615,P
219621,219643,QRS
219666,219710,T
219749,219771,P
219785,219808,QRS
219834,219875,T
219887,219914,P
219924,219953,QRS
219977,220020,T
220020,220033,P
220070,220097,QRS
220120,220163,T
220176,220192,P
220198,220227,QRS
220250,220289,T
220319,220346,P
220355,220387,QRS
220401,220423,P
220452,220473,QRS
220503,220529,QRS
220554,220599,T
220610,220634,P
220641,220673,QRS
220697,220738,T
220740,220757,P
220762,220790,QRS
220811,220855,T
220894,220920,P
220931,220959,QRS
220985,221023,T
221039,221066,P
221083,221106,QRS
221128,221170,T
221181,221209,P
221223,221249,QRS
221269,221316,T
221319,221354,P
221372,221395,QRS
221415,221462,T
221474,221499,P
221509,221539,QRS
221565,221601,T
221617,221645,P
221660,221683,QRS
221706,221742,T
221743,221756,P
221769,221794,QRS
221818,221855,T
221902,221927,P
221943,221967,QRS
221989,222036,T
222046,222069,P
222089,222111,QRS
222136,222182,T
222188,222212,P
222227,222257,QRS
222280,222325,T
222328,222351,P
222353,222380,QRS
222400,222445,T
222478,222506,P
222512,222544,QRS
222569,222611,T
222631,222648,P
222662,222689,QRS
222711,222757,T
222769,222792,P
222805,222833,QRS
222862,222901,T
222903,222927,P
222931,222955,QRS
222978,223023,T
223056,223083,P
223097,223121,QRS
223145,223188,T
223195,223226,P
223243,223266,QRS
223288,223334,T
223353,223369,P
223386,223409,QRS
223432,223476,T
223479,223495,P
223509,223532,QRS
223554,223595,T
223598,223641,P
223661,223696,QRS
223723,223762,T
223793,223815,P
223819,223842,QRS
223868,223909,T
223919,223943,P
223954,223985,QRS
224008,224052,T
224054,224074,P
224083,224106,QRS
224128,224167,T
224209,224237,P
224242,224271,QRS
224294,224337,T
224352,224379,P
224394,224417,QRS
224443,224487,T
224503,224523,P
224535,224561,QRS
224586,224623,T
224633,224651,P
224661,224685,QRS
224709,224755,T
224800,224818,P
224824,224849,QRS
224871,224914,T
